


100000000200000000200000
000000200000200000000000,
000000000200000000200000
000000200000200000000000,
100000000200000000200000
000000200000200000000000,
200000100100100000100100
100000100100100000000000,
100000000200000000200000
000000200000200000000000,
000000000200000000200000
000000200000200000000000,
100000000200000000200000
000000200000200000000000,
200000000000200000000000
200000000000200000000000,



000000000000100000000000
000000010000000000010000,
000000000000010000000000
000000010010010010010010,
010000100000000000010000
000000010000001000000000,
100000000000100000000000
000000000000000000000000,
000000000000010000000000
000000000000100000100010,
000001000000010000000000
000000000000000000000001,
000001000000000000100000
000001000000100000000000,
000001000000000000000000
000000000000000000000000,



100000000200000000200000
000000200000200000000000,
000000000200000000200000
000000200000200000000000,
100000000200000000200000
000000200000200000000000,
200000100100100000100100
100000100100100000000000,
100000000200000000200000
000000200000200000000000,
000000000200000000200000
000000200000200000000000,
100000000200000000200000
000000200000200000000000,
200000000000200000000000
200000000000200000000000,
